
43)
1. 1
2. 3
3. 2
4. 1
5. 4

****************************************************************************************

44)
1. 3
2. 1
3. 2
4. 4
5. 4

****************************************************************************************

47)
1. 2
2. 4
3. 1
4. 3
5. 2

****************************************************************************************

50)
1. 1,2
2. 4
3. 1
4. 4
5. 3

****************************************************************************************

55)
1. 1,3
2. 2
3. 3
4. 1
5. 2
6. 1
7. 2

****************************************************************************************

60)
1. 1,3
2. 2
3. 3
4. 1,3
5. 2

****************************************************************************************

