

156)
1. 2
2. 1
3. 2
4. 1
5. 1

****************************************************************************************



158)
1. 2
2. 1
3. 2
4. 1
5. 2

****************************************************************************************



161)
1. 1
2. 1
3. 4
4. 1
5. 1

****************************************************************************************



167)
1. 
2. 
3. 
4. 
5. 

****************************************************************************************



)
1. 
2. 
3. 
4. 
5. 

****************************************************************************************



)
1. 
2. 
3. 
4. 
5. 

****************************************************************************************



)
1. 
2. 
3. 
4. 
5. 

****************************************************************************************

