
222)
1. 1
2. 1
3. 1
4. 1

****************************************************************************************


144)
1. 3
2. 1,3
3. 1,3
4. 1
5. 5

****************************************************************************************


146)
1. 1
2. 1
3. 1
4. 1
5. 1

****************************************************************************************


148)
1. 2
2. 1
3. 1
4. 1
5. 

****************************************************************************************


150)
1. 2
2. 4
3. 1
4. 4
5. 1

****************************************************************************************


152)
1. 1
2. 2
3. 3
4. 3
5. 1

****************************************************************************************


154)
1. 2
2. 1
3. 1
4. 2
5. 2

****************************************************************************************

